type total,ops,op/s,pk/s,row/s,mean,med,.95,.99,.999,max,time,stderr,errors,gc: #,max ms,sum ms,sdv ms,mb
total,2,2,2,2,4.7,4.7,4.7,4.7,4.7,4.7,2023-12-25 18:10:31,0.00000,0,0,0,0,0,0
total,37,35,35,35,104.9,144.8,315.1,355.5,355.5,355.5,2023-12-25 18:10:32,0.65664,0,0,0,0,0,0
total,87,50,50,50,85.7,144.8,157.9,178.0,178.0,178.0,2023-12-25 18:10:33,0.38924,0,0,0,0,0,0
total,126,39,39,39,97.4,145.1,157.8,269.2,269.2,269.2,2023-12-25 18:10:34,0.27712,0,0,0,0,0,0
total,175,49,49,49,82.7,134.7,157.7,157.9,157.9,157.9,2023-12-25 18:10:35,0.21539,0,0,0,0,0,0
total,213,38,38,38,104.4,145.0,157.8,178.1,178.1,178.1,2023-12-25 18:10:36,0.17918,0,0,0,0,0,0
total,259,46,46,46,86.3,144.7,157.7,177.9,177.9,177.9,2023-12-25 18:10:37,0.15155,0,0,0,0,0,0
total,300,41,41,41,94.7,144.7,157.7,177.9,177.9,177.9,2023-12-25 18:10:38,0.13186,0,0,0,0,0,0
total,348,48,48,48,86.0,144.7,157.7,178.0,178.0,178.0,2023-12-25 18:10:39,0.11665,0,0,0,0,0,0
total,385,37,37,37,108.5,145.1,158.7,178.1,178.1,178.1,2023-12-25 18:10:40,0.10606,0,0,0,0,0,0
total,430,45,45,45,89.3,144.7,157.7,178.0,178.0,178.0,2023-12-25 18:10:41,0.09594,0,0,0,0,0,0
total,473,43,43,43,92.6,144.8,157.5,177.9,177.9,177.9,2023-12-25 18:10:42,0.08762,0,0,0,0,0,0
total,518,45,45,45,90.4,144.6,157.7,158.1,158.1,158.1,2023-12-25 18:10:43,0.08060,0,0,0,0,0,0
total,555,37,37,37,104.5,144.7,177.6,177.9,177.9,177.9,2023-12-25 18:10:44,0.07561,0,0,0,0,0,0
total,592,37,37,37,114.6,144.8,157.5,157.5,157.5,157.5,2023-12-25 18:10:45,0.07143,0,0,0,0,0,0
total,632,40,40,40,96.7,144.7,157.3,157.5,157.5,157.5,2023-12-25 18:10:46,0.06711,0,0,0,0,0,0
total,670,38,38,38,106.3,145.0,177.7,178.0,178.0,178.0,2023-12-25 18:10:47,0.06343,0,0,0,0,0,0
total,707,37,37,37,103.3,144.7,157.4,177.9,177.9,177.9,2023-12-25 18:10:48,0.06030,0,0,0,0,0,0
total,743,36,36,36,112.3,144.7,157.5,177.7,177.7,177.7,2023-12-25 18:10:49,0.05763,0,0,0,0,0,0
total,783,40,40,40,101.3,144.8,178.0,178.0,178.0,178.0,2023-12-25 18:10:50,0.05473,0,0,0,0,0,0
total,829,46,46,46,82.4,134.6,157.5,178.0,178.0,178.0,2023-12-25 18:10:51,0.05225,0,0,0,0,0,0
total,872,43,43,43,98.5,144.8,177.7,177.7,177.7,177.7,2023-12-25 18:10:52,0.04982,0,0,0,0,0,0
total,919,47,47,47,83.1,144.6,177.6,177.9,177.9,177.9,2023-12-25 18:10:53,0.04785,0,0,0,0,0,0
total,957,38,38,38,104.0,144.7,157.5,177.7,177.7,177.7,2023-12-25 18:10:54,0.04604,0,0,0,0,0,0
total,992,35,35,35,118.4,144.7,157.4,157.5,157.5,157.5,2023-12-25 18:10:55,0.04487,0,0,0,0,0,0
total,1034,42,42,42,93.7,144.6,157.4,178.0,178.0,178.0,2023-12-25 18:10:56,0.04310,0,0,0,0,0,0
total,1078,44,44,44,89.4,144.6,157.4,177.7,177.7,177.7,2023-12-25 18:10:57,0.04151,0,0,0,0,0,0
total,1117,39,39,39,104.9,144.7,157.4,177.9,177.9,177.9,2023-12-25 18:10:58,0.04008,0,0,0,0,0,0
total,1153,36,36,36,110.5,144.7,157.7,177.9,177.9,177.9,2023-12-25 18:10:59,0.03901,0,0,0,0,0,0
total,1200,47,47,47,84.9,144.6,157.5,177.9,177.9,177.9,2023-12-25 18:11:00,0.03791,0,0,0,0,0,0
total,1241,41,41,41,94.6,144.6,157.4,157.4,157.4,157.4,2023-12-25 18:11:01,0.03670,0,0,0,0,0,0
total,1280,39,39,39,110.6,144.7,157.5,177.7,177.7,177.7,2023-12-25 18:11:02,0.03560,0,0,0,0,0,0
total,1320,40,40,40,95.2,134.6,157.4,157.4,157.4,157.4,2023-12-25 18:11:03,0.03457,0,0,0,0,0,0
total,1356,36,36,36,107.1,144.8,157.5,177.9,177.9,177.9,2023-12-25 18:11:04,0.03379,0,0,0,0,0,0
total,1397,41,41,41,99.6,144.8,177.6,177.7,177.7,177.7,2023-12-25 18:11:05,0.03281,0,0,0,0,0,0
total,1439,42,42,42,96.8,144.6,157.4,177.6,177.6,177.6,2023-12-25 18:11:06,0.03188,0,0,0,0,0,0
total,1485,46,46,46,87.6,144.7,157.7,177.6,177.6,177.6,2023-12-25 18:11:07,0.03114,0,0,0,0,0,0
total,1538,53,53,53,75.9,134.5,157.3,157.5,177.6,177.6,2023-12-25 18:11:08,0.03114,0,0,0,0,0,0
total,1574,36,36,36,107.3,144.6,157.4,157.4,157.4,157.4,2023-12-25 18:11:09,0.03064,0,0,0,0,0,0
total,1614,40,40,40,104.2,144.7,157.4,177.6,177.6,177.6,2023-12-25 18:11:10,0.02989,0,0,0,0,0,0
total,1653,39,39,39,99.2,144.7,157.4,177.7,177.7,177.7,2023-12-25 18:11:11,0.02920,0,0,0,0,0,0
total,1699,46,46,46,84.3,144.6,157.4,177.7,177.7,177.7,2023-12-25 18:11:12,0.02859,0,0,0,0,0,0
total,1755,56,56,56,73.4,0.6,157.8,177.6,177.7,177.7,2023-12-25 18:11:13,0.02900,0,0,0,0,0,0
total,1798,43,43,43,94.8,134.6,157.3,157.4,157.4,157.4,2023-12-25 18:11:14,0.02833,0,0,0,0,0,0
total,1832,34,34,34,116.0,144.7,157.4,177.7,177.7,177.7,2023-12-25 18:11:15,0.02806,0,0,0,0,0,0
total,1868,36,36,36,111.9,144.7,157.4,177.6,177.6,177.6,2023-12-25 18:11:16,0.02764,0,0,0,0,0,0
total,1907,39,39,39,102.2,144.7,159.6,177.9,177.9,177.9,2023-12-25 18:11:17,0.02709,0,0,0,0,0,0
total,1956,49,49,49,81.5,134.3,157.4,178.0,178.0,178.0,2023-12-25 18:11:18,0.02674,0,0,0,0,0,0
total,2007,51,51,51,82.8,144.6,157.4,157.5,177.7,177.7,2023-12-25 18:11:19,0.02654,0,0,0,0,0,0
total,2044,37,37,37,101.9,144.7,177.7,177.7,177.7,177.7,2023-12-25 18:11:20,0.02613,0,0,0,0,0,0
total,2094,50,50,50,82.4,134.5,157.4,177.9,177.9,177.9,2023-12-25 18:11:21,0.02586,0,0,0,0,0,0
total,2136,42,42,42,90.1,144.7,157.4,157.8,157.8,157.8,2023-12-25 18:11:22,0.02537,0,0,0,0,0,0
total,2182,46,46,46,90.5,144.6,157.7,177.7,177.7,177.7,2023-12-25 18:11:23,0.02493,0,0,0,0,0,0
total,2220,38,38,38,106.4,144.7,157.4,177.7,177.7,177.7,2023-12-25 18:11:24,0.02455,0,0,0,0,0,0
total,2264,44,44,44,91.2,144.6,177.6,177.9,177.9,177.9,2023-12-25 18:11:25,0.02410,0,0,0,0,0,0
total,2301,37,37,37,108.1,144.7,157.4,177.6,177.6,177.6,2023-12-25 18:11:26,0.02378,0,0,0,0,0,0
total,2345,44,44,44,88.4,144.4,157.4,157.4,157.4,157.4,2023-12-25 18:11:27,0.02336,0,0,0,0,0,0
total,2385,40,40,40,98.7,144.6,157.5,177.6,177.6,177.6,2023-12-25 18:11:28,0.02298,0,0,0,0,0,0
total,2425,40,40,40,99.0,144.7,157.4,177.7,177.7,177.7,2023-12-25 18:11:29,0.02260,0,0,0,0,0,0
total,2467,42,42,42,99.1,144.7,157.4,177.7,177.7,177.7,2023-12-25 18:11:30,0.02222,0,0,0,0,0,0
total,2514,47,47,47,84.3,144.6,157.7,177.6,177.6,177.6,2023-12-25 18:11:31,0.02193,0,0,0,0,0,0
total,2550,36,36,36,108.6,144.7,157.4,157.5,157.5,157.5,2023-12-25 18:11:32,0.02176,0,0,0,0,0,0
total,2592,42,42,42,98.1,144.7,157.4,177.6,177.6,177.6,2023-12-25 18:11:33,0.02141,0,0,0,0,0,0
total,2627,35,35,35,108.9,144.7,157.4,177.7,177.7,177.7,2023-12-25 18:11:34,0.02125,0,0,0,0,0,0
total,2666,39,39,39,110.7,144.7,177.6,177.7,177.7,177.7,2023-12-25 18:11:35,0.02095,0,0,0,0,0,0
total,2702,36,36,36,101.8,144.7,157.4,177.7,177.7,177.7,2023-12-25 18:11:36,0.02076,0,0,0,0,0,0
total,2749,47,47,47,88.8,134.5,157.4,157.9,157.9,157.9,2023-12-25 18:11:37,0.02049,0,0,0,0,0,0
total,2787,38,38,38,103.6,144.6,164.1,178.1,178.1,178.1,2023-12-25 18:11:38,0.02024,0,0,0,0,0,0
total,2827,40,40,40,100.9,144.7,177.6,177.6,177.6,177.6,2023-12-25 18:11:39,0.01995,0,0,0,0,0,0
total,2862,35,35,35,113.3,144.7,157.4,177.7,177.7,177.7,2023-12-25 18:11:40,0.01982,0,0,0,0,0,0
total,2917,55,55,55,72.7,1.2,157.4,177.6,177.7,177.7,2023-12-25 18:11:41,0.02003,0,0,0,0,0,0
total,2966,49,49,49,84.8,144.6,157.4,177.6,177.6,177.6,2023-12-25 18:11:42,0.01987,0,0,0,0,0,0
total,3002,36,36,36,108.1,144.8,177.6,177.7,177.7,177.7,2023-12-25 18:11:43,0.01971,0,0,0,0,0,0
total,3060,58,58,58,70.4,0.8,157.3,157.4,177.6,177.6,2023-12-25 18:11:44,0.02010,0,0,0,0,0,0
total,3105,45,45,45,83.3,134.5,157.4,177.9,177.9,177.9,2023-12-25 18:11:45,0.01984,0,0,0,0,0,0
total,3153,48,48,48,87.6,134.5,157.4,177.7,177.7,177.7,2023-12-25 18:11:46,0.01965,0,0,0,0,0,0
total,3185,32,32,32,118.5,144.6,157.4,177.6,177.6,177.6,2023-12-25 18:11:47,0.01967,0,0,0,0,0,0
total,3231,46,46,46,87.6,135.5,157.4,157.4,157.4,157.4,2023-12-25 18:11:48,0.01943,0,0,0,0,0,0
total,3283,52,52,52,81.2,134.3,157.4,157.9,177.5,177.5,2023-12-25 18:11:49,0.01939,0,0,0,0,0,0
total,3324,41,41,41,88.8,144.6,157.4,177.6,177.6,177.6,2023-12-25 18:11:50,0.01915,0,0,0,0,0,0
total,3363,39,39,39,108.6,144.7,157.7,177.5,177.5,177.5,2023-12-25 18:11:51,0.01894,0,0,0,0,0,0
total,3403,40,40,40,101.3,144.6,157.3,177.7,177.7,177.7,2023-12-25 18:11:52,0.01872,0,0,0,0,0,0
total,3433,30,30,30,130.9,144.7,157.4,177.7,177.7,177.7,2023-12-25 18:11:53,0.01886,0,0,0,0,0,0
total,3478,45,45,45,92.7,144.7,157.8,177.7,177.7,177.7,2023-12-25 18:11:54,0.01864,0,0,0,0,0,0
