type total,ops,op/s,pk/s,row/s,mean,med,.95,.99,.999,max,time,stderr,errors,gc: #,max ms,sum ms,sdv ms,mb
total,53,53,53,53,509.2,521.4,727.7,730.3,766.0,766.0,2023-12-25 10:55:13,0.00000,0,0,0,0,0,0
total,149,96,96,96,1182.9,1232.1,1526.7,1539.3,1542.5,1542.5,2023-12-25 10:55:14,5.76242,0,0,0,0,0,0
total,254,105,105,105,1961.1,1966.1,2256.5,2300.6,2325.7,2325.7,2023-12-25 10:55:15,-10.02402,0,0,0,0,0,0
total,357,103,103,103,2729.7,2736.8,3082.8,3105.9,3110.1,3110.1,2023-12-25 10:55:16,-3.81556,0,0,0,0,0,0
total,466,109,109,109,3534.9,3563.1,3850.4,3886.0,3907.0,3907.0,2023-12-25 10:55:17,-2.58592,0,0,0,0,0,0
total,580,114,114,114,4286.0,4261.4,4643.1,4672.5,4685.0,4685.0,2023-12-25 10:55:18,-2.04205,0,0,0,0,0,0
total,687,107,107,107,5115.7,5167.4,5440.0,5465.2,5469.4,5469.4,2023-12-25 10:55:19,-1.75596,0,0,0,0,0,0
total,778,91,91,91,5888.9,5880.4,6241.1,6270.5,6270.5,6270.5,2023-12-25 10:55:20,-1.59521,0,0,0,0,0,0
total,887,109,109,109,6686.5,6668.9,7000.3,7050.6,7084.2,7084.2,2023-12-25 10:55:21,-1.45674,0,0,0,0,0,0
total,989,102,102,102,7451.8,7411.3,7839.2,7855.9,7868.5,7868.5,2023-12-25 10:55:22,-1.35925,0,0,0,0,0,0
total,1092,103,103,103,8253.5,8296.3,8577.4,8648.7,8657.0,8657.0,2023-12-25 10:55:23,-1.28172,0,0,0,0,0,0
total,1188,96,96,96,9032.1,8992.6,9403.6,9454.0,9462.3,9462.3,2023-12-25 10:55:24,-1.22316,0,0,0,0,0,0
total,1296,108,108,108,9822.5,9797.9,10225.7,10250.9,10259.3,10259.3,2023-12-25 10:55:25,-1.16819,0,0,0,0,0,0
total,1403,107,107,107,10641.5,10636.8,10997.5,11039.4,11039.4,11039.4,2023-12-25 10:55:26,-1.12222,0,0,0,0,0,0
total,1497,94,94,94,11405.7,11383.3,11769.2,11786.0,11811.2,11811.2,2023-12-25 10:55:27,-1.08757,0,0,0,0,0,0
total,1607,110,110,110,12278.2,12314.5,12624.9,12633.2,12650.0,12650.0,2023-12-25 10:55:28,-1.05213,0,0,0,0,0,0
total,1724,117,117,117,13016.4,13019.1,13354.7,13388.2,13396.6,13396.6,2023-12-25 10:55:29,-1.01891,0,0,0,0,0,0
total,1813,89,89,89,13794.4,13816.0,14134.8,14160.0,14185.1,14185.1,2023-12-25 10:55:30,-0.99675,0,0,0,0,0,0
total,1914,101,101,101,14595.6,14604.6,14990.4,15015.6,15015.6,15015.6,2023-12-25 10:55:31,-0.97401,0,0,0,0,0,0
total,2019,105,105,105,15475.1,15518.9,15762.2,15795.7,15812.5,15812.5,2023-12-25 10:55:32,-0.95263,0,0,0,0,0,0
total,2123,104,104,104,16180.5,16190.0,16550.7,16584.3,16592.7,16592.7,2023-12-25 10:55:33,-0.93339,0,0,0,0,0,0
total,2228,105,105,105,16951.8,16953.4,17330.9,17381.2,17381.2,17381.2,2023-12-25 10:55:34,-0.91563,0,0,0,0,0,0
total,2330,102,102,102,17768.2,17767.1,18119.4,18152.9,18152.9,18152.9,2023-12-25 10:55:35,-0.89980,0,0,0,0,0,0
total,2434,104,104,104,18558.5,18589.2,18907.9,18941.5,18958.3,18958.3,2023-12-25 10:55:36,-0.88490,0,0,0,0,0,0
total,2534,100,100,100,19351.8,19344.1,19746.8,19780.3,19780.3,19780.3,2023-12-25 10:55:37,-0.87167,0,0,0,0,0,0
total,2640,106,106,106,20153.4,20166.2,20535.3,20552.1,20552.1,20552.1,2023-12-25 10:55:38,-0.85858,0,0,0,0,0,0
total,2734,94,94,94,20968.5,20988.3,21307.1,21357.4,21374.2,21374.2,2023-12-25 10:55:39,-0.84783,0,0,0,0,0,0
total,2830,96,96,96,21756.6,21776.8,22129.1,22179.5,22179.5,22179.5,2023-12-25 10:55:40,-0.83753,0,0,0,0,0,0
total,2953,123,123,123,22588.1,22649.2,22917.7,22951.2,22951.2,22951.2,2023-12-25 10:55:41,-0.82497,0,0,0,0,0,0
total,3047,94,94,94,23339.4,23353.9,23689.4,23739.8,23739.8,23739.8,2023-12-25 10:55:42,-0.81609,0,0,0,0,0,0
total,3157,110,110,110,24178.0,24226.3,24528.3,24545.1,24545.1,24545.1,2023-12-25 10:55:43,-0.80620,0,0,0,0,0,0
total,3248,91,91,91,24925.3,24914.2,25249.7,25283.3,25300.0,25300.0,2023-12-25 10:55:44,-0.79854,0,0,0,0,0,0
total,3342,94,94,94,25750.3,25753.0,26138.9,26172.5,26172.5,26172.5,2023-12-25 10:55:45,-0.79104,0,0,0,0,0,0
total,3443,101,101,101,26576.0,26591.9,26910.7,26944.2,26961.0,26961.0,2023-12-25 10:55:46,-0.78333,0,0,0,0,0,0
total,3563,120,120,120,27287.6,27279.8,27665.6,27716.0,27716.0,27716.0,2023-12-25 10:55:47,-0.77454,0,0,0,0,0,0
total,3657,94,94,94,28119.1,28118.6,28487.7,28521.3,28538.0,28538.0,2023-12-25 10:55:48,-0.76810,0,0,0,0,0,0
total,3746,89,89,89,28939.3,28957.5,29293.0,29343.4,29343.4,29343.4,2023-12-25 10:55:49,-0.76229,0,0,0,0,0,0
total,3834,88,88,88,29749.8,29746.0,30131.9,30165.4,30182.2,30182.2,2023-12-25 10:55:50,-0.75680,0,0,0,0,0,0
total,3941,107,107,107,30571.0,30601.6,30903.6,30937.2,30970.7,30970.7,2023-12-25 10:55:51,-0.75031,0,0,0,0,0,0
total,4028,87,87,87,31398.9,31440.5,31725.7,31759.3,31792.8,31792.8,2023-12-25 10:55:52,-0.74534,0,0,0,0,0,0
total,4128,100,100,100,32162.4,32161.9,32547.8,32581.4,32598.1,32598.1,2023-12-25 10:55:53,-0.73979,0,0,0,0,0,0
total,4228,100,100,100,33010.7,33034.3,33353.1,33386.7,33403.4,33403.4,2023-12-25 10:55:54,-0.73446,0,0,0,0,0,0
total,4332,104,104,104,33775.9,33789.3,34141.6,34158.4,34175.2,34175.2,2023-12-25 10:55:55,-0.72911,0,0,0,0,0,0
total,4433,101,101,101,34565.0,34561.1,34896.6,34930.2,34997.3,34997.3,2023-12-25 10:55:56,-0.72413,0,0,0,0,0,0
total,4541,108,108,108,35335.3,35332.8,35701.9,35769.0,35769.0,35769.0,2023-12-25 10:55:57,-0.71897,0,0,0,0,0,0
total,4662,121,121,121,36152.7,36205.2,36473.7,36507.2,36507.2,36507.2,2023-12-25 10:55:58,-0.71336,0,0,0,0,0,0
total,4748,86,86,86,36921.2,36909.9,37312.5,37312.5,37346.1,37346.1,2023-12-25 10:55:59,-0.70960,0,0,0,0,0,0
total,4849,101,101,101,37736.9,37782.3,38117.8,38151.4,38151.4,38151.4,2023-12-25 10:56:00,-0.70528,0,0,0,0,0,0
total,4955,106,106,106,38558.8,38587.6,38889.6,38923.1,38956.7,38956.7,2023-12-25 10:56:01,-0.70089,0,0,0,0,0,0
total,5055,100,100,100,39325.5,39325.8,39661.3,39728.4,39762.0,39762.0,2023-12-25 10:56:02,-0.69690,0,0,0,0,0,0
total,5184,129,129,129,40083.4,40064.0,40466.6,40500.2,40500.2,40500.2,2023-12-25 10:56:03,-0.69184,0,0,0,0,0,0
total,5301,117,117,117,40876.6,40936.4,41171.3,41204.8,41238.4,41238.4,2023-12-25 10:56:04,-0.68741,0,0,0,0,0,0
total,5411,110,110,110,41651.1,41674.6,42010.1,42043.7,42043.7,42043.7,2023-12-25 10:56:05,-0.68340,0,0,0,0,0,0
total,5513,102,102,102,42403.9,42412.8,42781.9,42781.9,42781.9,42781.9,2023-12-25 10:56:06,-0.67981,0,0,0,0,0,0
total,5622,109,109,109,43201.0,43251.7,43520.1,43587.2,43620.8,43620.8,2023-12-25 10:56:07,-0.67607,0,0,0,0,0,0
total,5725,103,103,103,43979.3,44023.4,44325.4,44359.0,44392.5,44392.5,2023-12-25 10:56:08,-0.67265,0,0,0,0,0,0
total,5822,97,97,97,44757.3,44761.6,45164.3,45197.8,45197.8,45197.8,2023-12-25 10:56:09,-0.66953,0,0,0,0,0,0
total,5930,108,108,108,45611.3,45600.5,45969.6,46003.1,46003.1,46003.1,2023-12-25 10:56:10,-0.66613,0,0,0,0,0,0
total,6036,106,106,106,46396.6,46405.8,46741.3,46774.9,46774.9,46774.9,2023-12-25 10:56:11,-0.66289,0,0,0,0,0,0
total,6139,103,103,103,47156.8,47177.5,47546.6,47580.2,47580.2,47580.2,2023-12-25 10:56:12,-0.65983,0,0,0,0,0,0
total,6231,92,92,92,47996.0,47949.3,48351.9,48385.5,48419.0,48419.0,2023-12-25 10:56:13,-0.65718,0,0,0,0,0,0
total,6352,121,121,121,48783.3,48788.1,49123.7,49157.2,49157.2,49157.2,2023-12-25 10:56:14,-0.65373,0,0,0,0,0,0
total,6449,97,97,97,49561.5,49559.9,49895.4,49962.5,49962.5,49962.5,2023-12-25 10:56:15,-0.65108,0,0,0,0,0,0
total,6553,104,104,104,50323.3,50365.2,50734.3,50734.3,50767.9,50767.9,2023-12-25 10:56:16,-0.64829,0,0,0,0,0,0
total,6652,99,99,99,51161.2,51170.5,51539.6,51539.6,51539.6,51539.6,2023-12-25 10:56:17,-0.64570,0,0,0,0,0,0
total,6738,86,86,86,51927.4,51908.7,52277.8,52378.5,52378.5,52378.5,2023-12-25 10:56:18,-0.64353,0,0,0,0,0,0
